   Compiling nbsr-transport v0.1.0 (C:\Users\bajra\OneDrive\Documents\NBSR\crates\nbsr-transport)
warning: unused import: `coordinator::Action`
 --> src\bin\b5_support\driver.rs:9:16
  |
9 | pub(crate) use coordinator::Action;
  |                ^^^^^^^^^^^^^^^^^^^
  |
  = note: `#[warn(unused_imports)]` (part of `#[warn(unused)]`) on by default

warning: enum `Action` is never used
  --> src\bin\b5_support\coordinator.rs:21:17
   |
21 | pub(crate) enum Action {
   |                 ^^^^^^
   |
   = note: `#[warn(dead_code)]` (part of `#[warn(unused)]`) on by default

warning: fields `guards` and `outstanding` are never read
  --> src\bin\b5_support\coordinator.rs:91:5
   |
87 | struct State {
   |        ----- fields in this struct
...
91 |     guards: Vec<bool>,
   |     ^^^^^^
...
99 |     outstanding: u64,
   |     ^^^^^^^^^^^

warning: methods `next`, `issued`, `completed`, and `group_guard` are never used
   --> src\bin\b5_support\coordinator.rs:217:19
    |
109 | impl<C: Clock> PacedRun<C> {
    | -------------------------- methods in this implementation
...
217 |     pub(crate) fn next(&self, partition: usize) -> Result<Action, Error> {
    |                   ^^^^
...
256 |     pub(crate) fn issued(&self, partition: usize) -> Result<(), Error> {
    |                   ^^^^^^
...
272 |     pub(crate) fn completed(&self, partition: usize, latency_ns: u64) -> Result<(), Error> {
    |                   ^^^^^^^^^
...
394 |     pub(crate) fn group_guard(self: &Arc<Self>, group: usize) -> Result<GroupGuard<C>, Error> {
    |                   ^^^^^^^^^^^

warning: struct `GroupGuard` is never constructed
   --> src\bin\b5_support\coordinator.rs:408:19
    |
408 | pub(crate) struct GroupGuard<C: Clock> {
    |                   ^^^^^^^^^^

warning: method `finish` is never used
   --> src\bin\b5_support\coordinator.rs:413:19
    |
412 | impl<C: Clock> GroupGuard<C> {
    | ---------------------------- method in this implementation
413 |     pub(crate) fn finish(mut self) -> Result<(), Error> {
    |                   ^^^^^^

warning: method `reserve` is never used
   --> src\bin\b5_support\paced.rs:132:19
    |
 28 | impl PacingWindow {
    | ----------------- method in this implementation
...
132 |     pub(crate) fn reserve(&mut self, elapsed: u64) -> Result<bool, Error> {
    |                   ^^^^^^^

warning: field `ordinal` is never read
   --> src\bin\b5_support\paced.rs:166:5
    |
165 | struct CollectorState {
    |        -------------- field in this struct
166 |     ordinal: u64,
    |     ^^^^^^^

warning: field `stride` is never read
   --> src\bin\b5_support\paced.rs:175:5
    |
174 | pub(crate) struct BoundedCollector {
    |                   ---------------- field in this struct
175 |     stride: u64,
    |     ^^^^^^

warning: method `record_completed` is never used
   --> src\bin\b5_support\paced.rs:203:19
    |
180 | impl BoundedCollector {
    | --------------------- method in this implementation
...
203 |     pub(crate) fn record_completed(&self, group: usize, latency_ns: u64) -> Result<(), Error> {
    |                   ^^^^^^^^^^^^^^^^

warning: methods `next`, `issued`, `completed`, and `group_guard` are never used
   --> src\bin\b5_support\runtime.rs:70:19
    |
 33 | impl<C: Clock> AsyncRun<C> {
    | -------------------------- methods in this implementation
...
 70 |     pub(crate) fn next(&self, partition: usize) -> Result<Action, Error> {
    |                   ^^^^
...
 74 |     pub(crate) fn issued(&self, partition: usize) -> Result<(), Error> {
    |                   ^^^^^^
...
 78 |     pub(crate) fn completed(&self, partition: usize, latency_ns: u64) -> Result<(), Error> {
    |                   ^^^^^^^^^
...
147 |     pub(crate) fn group_guard(
    |                   ^^^^^^^^^^^

warning: struct `RuntimeGroupGuard` is never constructed
   --> src\bin\b5_support\runtime.rs:171:19
    |
171 | pub(crate) struct RuntimeGroupGuard<C: Clock> {
    |                   ^^^^^^^^^^^^^^^^^

warning: method `finish` is never used
   --> src\bin\b5_support\runtime.rs:176:19
    |
175 | impl<C: Clock> RuntimeGroupGuard<C> {
    | ----------------------------------- method in this implementation
176 |     pub(crate) fn finish(mut self) -> Result<(), Error> {
    |                   ^^^^^^

warning: `nbsr-transport` (bin "perf_rust_source" test) generated 13 warnings (run `cargo fix --bin "perf_rust_source" -p nbsr-transport --tests` to apply 1 suggestion)
    Finished `release` profile [optimized] target(s) in 6.82s
     Running unittests src\bin\perf_rust_source.rs (C:/NBSR-build/b4b-task4k\release\deps\perf_rust_source-25bd4629be05d890.exe)

running 1 test
{"mode":"tokio","repeat":1,"rows":[[400,10000000,26715000],[26715100,30000000,42813400],[42813400,50000000,59423600],[59423600,60000000,75500300],[75500400,80000000,104435000],[104435100,110000000,120535200],[120535400,130000000,136651900],[136652000,140000000,152911300],[152911400,160000000,169378200],[169378400,170000000,185203900],[185203900,190000000,208746300],[208746400,210000000,212840100],[212840200,220000000,229250400],[229250500,230000000,245853000],[245853100,250000000,262135400],[262135400,270000000,278485100],[278485200,280000000,294706300],[294706500,300000000,312171100],[312171400,320000000,322456800],[322456800,330000000,338239300],[338239400,340000000,354213600],[354213700,360000000,370380600],[370380700,380000000,387204000],[387204200,390000000,402568600],[402568700,410000000,432645400],[432645500,440000000,448340400],[448340500,450000000,464514100],[464514100,470000000,480982900],[480983000,490000000,496804900],[496805000,500000000,512507800],[512508100,520000000,541240400],[541240600,550000000,557739300],[557739500,560000000,574004300],[574004600,580000000,590369700],[590369800,600000000,606779200],[606779400,610000000,623101800],[623102000,630000000,650654600],[650654800,660000000,666966700],[666966800,670000000,683229200],[683229400,690000000,699688900],[699689000,700000000,715361800],[715361900,720000000,731084700],[731084800,740000000,761152700],[761152900,770000000,777463500],[777463600,780000000,793670400],[793670500,800000000,809434100],[809434300,810000000,825461700],[825461900,830000000,841262700],[841262900,850000000,869839500],[869839600,870000000,885970700],[885970800,890000000,902122600],[902122700,910000000,918287100],[918287300,920000000,934265700],[934265800,940000000,950522400],[950522500,960000000,979233700],[979233800,980000000,995773000],[995773100,1000000000,1011789300],[1011789500,1020000000,1027967300],[1027967600,1030000000,1044410800],[1044410800,1050000000,1060586600],[1060586700,1070000000,1088422700],[1088422700,1090000000,1104575700],[1104576000,1110000000,1120979600],[1120979600,1130000000,1137519600],[1137519800,1140000000,1153998900],[1153999200,1160000000,1169714000],[1169714100,1170000000,1197562000],[1197562100,1200000000,1213935900],[1213936000,1220000000,1230511900],[1230512200,1240000000,1246963400],[1246963500,1250000000,1263558700],[1263558900,1270000000,1279920200],[1279920300,1280000000,1295814100],[1295814100,1300000000,1315215800],[1315215900,1320000000,1322988500],[1322988600,1330000000,1339007100],[1339007200,1340000000,1355132500],[1355132600,1360000000,1371030400],[1371030400,1380000000,1387065000],[1387065100,1390000000,1416235200],[1416235500,1420000000,1432717500],[1432717600,1440000000,1449029600],[1449029700,1450000000,1465328700],[1465328800,1470000000,1481376900],[1481377000,1490000000,1497246600],[1497246700,1500000000,1515773100],[1515773200,1520000000,1525779400],[1525779700,1530000000,1542337100],[1542337200,1550000000,1558916300],[1558916400,1560000000,1575196400],[1575196500,1580000000,1591290700],[1591290800,1600000000,1608285500],[1608285600,1610000000,1635229700],[1635230100,1640000000,1651366100],[1651366200,1660000000,1667491900],[1667492200,1670000000,1683615400],[1683615700,1690000000,1699657400],[1699657500,1700000000,1715895400],[1715895500,1720000000,1744715800],[1744715900,1750000000,1761222400]],"schema":"nbsr-b5-isolated-timer-diagnostic-v1"}
{"mode":"tokio","repeat":2,"rows":[[300,10000000,15967300],[15967400,20000000,32242700],[32242800,40000000,48060000],[48060100,50000000,63471600],[63471600,70000000,82586000],[82586100,90000000,92761300],[92761400,100000000,108916900],[108917000,110000000,125179700],[125179800,130000000,141355600],[141355700,150000000,157560400],[157560600,160000000,172971800],[172971900,180000000,202034700],[202054500,210000000,218504000],[218504000,220000000,235018200],[235018200,240000000,251506200],[251506300,260000000,267926800],[267926900,270000000,284333000],[284333100,290000000,310985300],[310985500,320000000,327137200],[327137200,330000000,343296000],[343296100,350000000,359796600],[359796800,360000000,376262700],[376263000,380000000,392005300],[392005400,400000000,420995200],[420995300,430000000,437286800],[437286900,440000000,453863500],[453863500,460000000,469301800],[469301800,470000000,485797700],[485797800,490000000,501863200],[501863600,510000000,517702600],[517702700,520000000,533445300],[533445400,540000000,549215400],[549215500,550000000,564699900],[564700100,570000000,580133900],[580133900,590000000,595675100],[595675200,600000000,611459300],[611459300,620000000,640024900],[640025000,650000000,656312700],[656312800,660000000,672475200],[672475300,680000000,688586500],[688586700,690000000,704880700],[704880900,710000000,720394100],[720394100,730000000,748673500],[748673500,750000000,764922000],[764922100,770000000,781485500],[781485600,790000000,797697500],[797697700,800000000,813831000],[813831100,820000000,830379400],[830379500,840000000,858359900],[858359900,860000000,874768400],[874768500,880000000,891051500],[891051500,900000000,907304700],[907304800,910000000,923361600],[923361700,930000000,939621300],[939621400,940000000,958679600],[958679700,960000000,967231700],[967231800,970000000,983607200],[983607300,990000000,1000037900],[1000037900,1010000000,1016631000],[1016631000,1020000000,1032939900],[1032940000,1040000000,1048810800],[1048811100,1050000000,1064843600],[1064843700,1070000000,1093052300],[1093052400,1100000000,1109191100],[1109191300,1110000000,1125085500],[1125085600,1130000000,1140306300],[1140306400,1150000000,1152065500],[1152065600,1160000000,1168667400],[1168667500,1170000000,1186701600],[1186701700,1190000000,1203403000],[1203403000,1210000000,1218663800],[1218663900,1220000000,1235771600],[1235771700,1240000000,1252170300],[1252170400,1260000000,1267389100],[1267389200,1270000000,1286440100],[1286440100,1290000000,1302483100],[1302483200,1310000000,1317687800],[1317687900,1320000000,1335195900],[1335196000,1340000000,1351801500],[1351801600,1360000000,1368130800],[1368131000,1370000000,1384559200],[1384559300,1390000000,1400655200],[1400655300,1410000000,1416781000],[1416781100,1420000000,1432752700],[1432752700,1440000000,1448430600],[1448430600,1450000000,1464302300],[1464302300,1470000000,1480007200],[1480007300,1490000000,1496286900],[1496287100,1500000000,1512705200],[1512705300,1520000000,1529229100],[1529229200,1530000000,1544471900],[1544471900,1550000000,1560732800],[1560733000,1570000000,1576046100],[1576046200,1580000000,1591724600],[1591724700,1600000000,1607841600],[1607841700,1610000000,1624105900],[1624106300,1630000000,1640390700],[1640390800,1650000000,1656707200],[1656707300,1660000000,1673536400],[1673536500,1680000000,1689362300]],"schema":"nbsr-b5-isolated-timer-diagnostic-v1"}
{"mode":"tokio","repeat":3,"rows":[[600,10000000,15939900],[15940000,20000000,32132200],[32132300,40000000,48237100],[48237300,50000000,64205200],[64205600,70000000,80438400],[80438500,90000000,96795100],[96795200,100000000,112507300],[112507400,120000000,128980900],[128981000,130000000,152665000],[152665100,160000000,169192700],[169192800,170000000,185626100],[185626200,190000000,201727500],[201727600,210000000,218206400],[218206500,220000000,234590400],[234590400,240000000,262056100],[262056200,270000000,278584900],[278584900,280000000,295008700],[295008700,300000000,311541600],[311541600,320000000,327631700],[327631800,330000000,343482100],[343482200,350000000,372684000],[372684200,380000000,388908500],[388908800,390000000,405507500],[405507600,410000000,421677600],[421677700,430000000,437877100],[437877300,440000000,454135000],[454135200,460000000,473944200],[473944700,480000000,496852700],[496852800,500000000,512960300],[512960500,520000000,528986800],[528986900,530000000,545252200],[545252300,550000000,561329800],[561329900,570000000,591226800],[591226900,600000000,607439300],[607439400,610000000,623925000],[623925100,630000000,640461500],[640461900,650000000,656627600],[656627800,660000000,673021400],[673021600,680000000,694919500],[694919700,700000000,716233000],[716233100,720000000,732396500],[732396600,740000000,748525900],[748526100,750000000,764581100],[764581200,770000000,780670300],[780670400,790000000,796819200],[796819200,800000000,812715900],[812716100,820000000,828851500],[828851600,830000000,845466200],[845466400,850000000,862084000],[862084200,870000000,878111500],[878111700,880000000,894007500],[894007600,900000000,909404900],[909405000,910000000,934518200],[934518300,940000000,950552200],[950552300,960000000,967069800],[967069900,970000000,983332000],[983332000,990000000,999504100],[999504300,1000000000,1028094100],[1028094100,1030000000,1044461400],[1044461400,1050000000,1060596600],[1060596700,1070000000,1076646100],[1076646100,1080000000,1093156100],[1093156200,1100000000,1108751800],[1108752000,1110000000,1138088600],[1138088800,1140000000,1154244800],[1154244900,1160000000,1170791500],[1170791600,1180000000,1187294300],[1187294300,1190000000,1203850200],[1203850200,1210000000,1220010000],[1220010100,1230000000,1246445500],[1246445700,1250000000,1262461900],[1262462000,1270000000,1278580200],[1278580300,1280000000,1294911500],[1294911600,1300000000,1310478200],[1310478300,1320000000,1326474000],[1326474100,1330000000,1355611600],[1355611700,1360000000,1371967900],[1371968000,1380000000,1387836900],[1387837000,1390000000,1403916200],[1403916300,1410000000,1420084300],[1420084400,1430000000,1435859800],[1435859900,1440000000,1465827700],[1465827800,1470000000,1482260300],[1482260500,1490000000,1498663500],[1498663600,1500000000,1514796400],[1514796400,1520000000,1530904200],[1530904300,1540000000,1547305600],[1547305600,1550000000,1574922300],[1574922400,1580000000,1591306000],[1591306100,1600000000,1606687500],[1606687500,1610000000,1623061000],[1623061100,1630000000,1639520500],[1639520600,1640000000,1655669700],[1655669800,1660000000,1678656800],[1678656900,1680000000,1684161300],[1684161500,1690000000,1700686700],[1700686800,1710000000,1716800700],[1716800800,1720000000,1732979900],[1732980000,1740000000,1749112900],[1749113000,1750000000,1764944000]],"schema":"nbsr-b5-isolated-timer-diagnostic-v1"}
{"mode":"std","repeat":1,"rows":[[700,10000000,10351800],[10352100,20000000,21175600],[21176400,30000000,30299800],[30300200,40000000,41109300],[41109700,50000000,50708000],[50708300,60000000,60852500],[60852900,70000000,70566400],[70566800,80000000,80647300],[80647600,90000000,90814300],[90814600,100000000,100421600],[100421800,110000000,111059400],[111059700,120000000,120921900],[120922200,130000000,130283800],[130284100,140000000,140370600],[140370800,150000000,150377500],[150378100,160000000,160610900],[160611100,170000000,170477000],[170477200,180000000,180641400],[180641800,190000000,190656000],[190656300,200000000,200738100],[200738500,210000000,210978600],[210978900,220000000,220757400],[220757700,230000000,230718900],[230719200,240000000,240938000],[240938500,250000000,250491200],[250491500,260000000,260594700],[260595000,270000000,270710700],[270711000,280000000,280299500],[280299900,290000000,290884300],[290884600,300000000,300584500],[300584700,310000000,310879400],[310879900,320000000,320660300],[320660700,330000000,330559000],[330560000,340000000,340853000],[340853300,350000000,351008100],[351008400,360000000,360481400],[360481700,370000000,370590200],[370590500,380000000,380944900],[380945300,390000000,390857000],[390857300,400000000,400932500],[400932900,410000000,410517700],[410518000,420000000,420441200],[420441500,430000000,430596900],[430597100,440000000,440813400],[440814000,450000000,450789900],[450790200,460000000,460903500],[460903800,470000000,470518100],[470518400,480000000,480642700],[480643000,490000000,490568700],[490569300,500000000,500810500],[500810800,510000000,510518900],[510519200,520000000,520660900],[520661200,530000000,530394200],[530394500,540000000,540547900],[540548100,550000000,550946100],[550946400,560000000,560507300],[560507900,570000000,570628500],[570628700,580000000,580271500],[580271700,590000000,590738400],[590738700,600000000,600496600],[600496900,610000000,610553100],[610553500,620000000,620558400],[620558700,630000000,630085000],[630085300,640000000,640427700],[640428000,650000000,650218000],[650218400,660000000,660496100],[660496400,670000000,670865500],[670866000,680000000,680631200],[680631400,690000000,690650600],[690650900,700000000,700987800],[700988200,710000000,710624400],[710624700,720000000,720496500],[720496900,730000000,730187500],[730187900,740000000,740564500],[740564800,750000000,750620300],[750620600,760000000,760869600],[760869900,770000000,770896000],[770896700,780000000,780137400],[780138000,790000000,790553400],[790553700,800000000,800494900],[800495600,810000000,810611800],[810612100,820000000,820920700],[820921400,830000000,830907300],[830907600,840000000,841016500],[841017100,850000000,850491000],[850491300,860000000,860955900],[860956200,870000000,870549500],[870549900,880000000,880402800],[880403200,890000000,890548200],[890548700,900000000,900516700],[900517400,910000000,910571200],[910571600,920000000,920986900],[920987200,930000000,930088900],[930089200,940000000,940372700],[940372900,950000000,950668900],[950669200,960000000,960440400],[960440900,970000000,970108300],[970108800,980000000,980247900],[980248200,990000000,990787100],[990787600,1000000000,1000504300]],"schema":"nbsr-b5-isolated-timer-diagnostic-v1"}
{"mode":"std","repeat":2,"rows":[[300,10000000,10596700],[10597000,20000000,20365100],[20365700,30000000,30909300],[30909900,40000000,40783500],[40784200,50000000,50759700],[50760100,60000000,60531100],[60531400,70000000,70543900],[70544300,80000000,80604200],[80604500,90000000,90756100],[90756400,100000000,100611700],[100612100,110000000,110582100],[110582500,120000000,120796200],[120796500,130000000,130727700],[130728000,140000000,140602000],[140602400,150000000,150872000],[150872300,160000000,160467800],[160468100,170000000,170475600],[170475900,180000000,180543800],[180544100,190000000,190189800],[190190000,200000000,200873400],[200873900,210000000,210980200],[210980500,220000000,220876500],[220876800,230000000,230938000],[230938300,240000000,240713700],[240713900,250000000,250672200],[250672500,260000000,260785800],[260786100,270000000,270546000],[270546300,280000000,280942500],[280942800,290000000,290547700],[290548000,300000000,300231700],[300232000,310000000,310789200],[310789800,320000000,320787200],[320787500,330000000,330448200],[330448500,340000000,340578800],[340579300,350000000,350630300],[350630600,360000000,360470100],[360470400,370000000,370563300],[370563900,380000000,380497700],[380498000,390000000,390204800],[390205000,400000000,400505900],[400506300,410000000,410513700],[410514100,420000000,420501500],[420501800,430000000,430505600],[430506400,440000000,440591800],[440592100,450000000,450549000],[450549500,460000000,460689100],[460689400,470000000,470693200],[470693500,480000000,480683900],[480684100,490000000,490580400],[490581000,500000000,500548900],[500549200,510000000,510921800],[510922100,520000000,520801400],[520801700,530000000,530470900],[530471400,540000000,540665600],[540666100,550000000,550577900],[550578300,560000000,560728700],[560729100,570000000,570550300],[570550700,580000000,580452000],[580452400,590000000,590632400],[590632700,600000000,600747300],[600747600,610000000,610898700],[610899100,620000000,620550200],[620550900,630000000,630868200],[630868600,640000000,640470100],[640470400,650000000,650600100],[650600300,660000000,660561900],[660562200,670000000,670823100],[670823600,680000000,680830500],[680830800,690000000,690673700],[690674100,700000000,700983400],[700983800,710000000,710552600],[710552900,720000000,720737600],[720738000,730000000,730736000],[730736300,740000000,740481500],[740481800,750000000,750217700],[750218100,760000000,760565100],[760565700,770000000,770533900],[770534200,780000000,780414400],[780414700,790000000,790582100],[790582400,800000000,800553800],[800554100,810000000,810550800],[810551000,820000000,820597400],[820597700,830000000,830684700],[830685300,840000000,840795700],[840796000,850000000,850516700],[850516900,860000000,861005600],[861006200,870000000,871338600],[871338900,880000000,880859600],[880859900,890000000,890578800],[890579100,900000000,900523000],[900523400,910000000,910563100],[910563400,920000000,920493100],[920493400,930000000,930313400],[930313700,940000000,940570300],[940570600,950000000,950643800],[950644100,960000000,960584000],[960584300,970000000,970873300],[970873700,980000000,980576600],[980577300,990000000,990692000],[990692500,1000000000,1000488100]],"schema":"nbsr-b5-isolated-timer-diagnostic-v1"}
{"mode":"std","repeat":3,"rows":[[200,10000000,10202900],[10203100,20000000,20532300],[20532800,30000000,31044500],[31044900,40000000,40322500],[40323000,50000000,50446700],[50447500,60000000,60513200],[60513700,70000000,70398400],[70398700,80000000,81044500],[81044900,90000000,90367100],[90368100,100000000,100967900],[100968200,110000000,110769200],[110769600,120000000,120763900],[120764300,130000000,130431100],[130431400,140000000,140475400],[140476100,150000000,150582300],[150582700,160000000,160599300],[160599600,170000000,170350900],[170351200,180000000,180324800],[180325000,190000000,190619600],[190619900,200000000,200959500],[200959800,210000000,210680400],[210680700,220000000,220599100],[220599500,230000000,230697600],[230698000,240000000,240353200],[240353500,250000000,250444200],[250444600,260000000,260150900],[260151200,270000000,270300500],[270300900,280000000,280500100],[280500400,290000000,290576800],[290577100,300000000,300368600],[300369200,310000000,310166400],[310166700,320000000,320513000],[320513300,330000000,330447800],[330448000,340000000,340511900],[340512200,350000000,350186200],[350186500,360000000,360410900],[360411000,370000000,370306200],[370306900,380000000,380505700],[380506200,390000000,390551800],[390552000,400000000,400279100],[400279300,410000000,410402700],[410403200,420000000,420543100],[420543400,430000000,430475200],[430475500,440000000,440324500],[440324800,450000000,450301900],[450302200,460000000,460825600],[460826000,470000000,470419500],[470419800,480000000,480731900],[480732200,490000000,490851400],[490851600,500000000,500661200],[500661500,510000000,510321600],[510322200,520000000,520509600],[520509900,530000000,530907900],[530908100,540000000,541050100],[541050400,550000000,550778000],[550778500,560000000,560841900],[560842200,570000000,570941700],[570941900,580000000,580226500],[580226800,590000000,590875900],[590876200,600000000,600515200],[600515500,610000000,610518600],[610519200,620000000,620724000],[620724300,630000000,630837700],[630838400,640000000,640491500],[640491800,650000000,650863500],[650864200,660000000,660551900],[660552200,670000000,670531300],[670531600,680000000,680694900],[680695500,690000000,690504200],[690504600,700000000,700917100],[700917400,710000000,710538500],[710538800,720000000,720760300],[720760600,730000000,730185900],[730186200,740000000,740886900],[740887600,750000000,750512900],[750513200,760000000,760646300],[760646700,770000000,770694500],[770694800,780000000,780739500],[780739800,790000000,790854600],[790854900,800000000,800547400],[800547600,810000000,810934600],[810935300,820000000,820555800],[820556100,830000000,830429800],[830430600,840000000,840899700],[840900100,850000000,850851000],[850851600,860000000,860517200],[860517500,870000000,870564700],[870565000,880000000,880463100],[880463400,890000000,890364900],[890365300,900000000,900870200],[900870500,910000000,911008700],[911009000,920000000,920555900],[920556200,930000000,930770500],[930770800,940000000,940921500],[940922100,950000000,950748400],[950749100,960000000,960373400],[960373800,970000000,970732100],[970732500,980000000,980487200],[980487500,990000000,990565200],[990565900,1000000000,1000531800]],"schema":"nbsr-b5-isolated-timer-diagnostic-v1"}
test b5_support::driver_contract_tests::isolated_ten_ms_timer_diagnostic ... ok

test result: ok. 1 passed; 0 failed; 0 ignored; 0 measured; 76 filtered out; finished in 8.22s
